a:4:{s:4:"hash";s:0:"";s:5:"mtime";i:1530526092;s:6:"expire";i:9999999999;s:4:"tags";s:34:"e7c_MGT_DEVELOPER_TOOLBAR,e7c_MAGE";}
a:12:{i:0;a:4:{s:2:"id";s:21:"cache_frontend_create";s:3:"sum";d:0.0058729648590088;s:3:"avg";d:0.0029364824295044;s:5:"count";i:2;}i:1;a:4:{s:2:"id";s:10:"cache_load";s:3:"sum";d:0.00034308433532715;s:3:"avg";d:4.9012047903878E-5;s:5:"count";i:7;}i:2;a:4:{s:2:"id";s:10:"cache_save";s:3:"sum";d:0.0049777030944824;s:3:"avg";d:0.00099554061889648;s:5:"count";i:5;}i:3;a:4:{s:2:"id";s:11:"cache_clean";s:3:"sum";d:0.00074481964111328;s:3:"avg";d:0.00074481964111328;s:5:"count";i:1;}i:4;a:4:{s:2:"id";s:13:"store.resolve";s:3:"sum";d:2.5493819713593;s:3:"avg";d:2.5493819713593;s:5:"count";i:1;}i:5;a:4:{s:2:"id";s:36:"store.resolve->cache_frontend_create";s:3:"sum";d:0.00027203559875488;s:3:"avg";d:0.00013601779937744;s:5:"count";i:2;}i:6;a:4:{s:2:"id";s:25:"store.resolve->cache_load";s:3:"sum";d:9.7036361694336E-5;s:3:"avg";d:4.8518180847168E-5;s:5:"count";i:2;}i:7;a:4:{s:2:"id";s:25:"store.resolve->cache_save";s:3:"sum";d:0.0017697811126709;s:3:"avg";d:0.00088489055633545;s:5:"count";i:2;}i:8;a:4:{s:2:"id";s:42:"EVENT:core_collection_abstract_load_before";s:3:"sum";d:0.095679044723511;s:3:"avg";d:0.095679044723511;s:5:"count";i:1;}i:9;a:4:{s:2:"id";s:54:"EVENT:core_collection_abstract_load_before->cache_load";s:3:"sum";d:5.9127807617188E-5;s:3:"avg";d:5.9127807617188E-5;s:5:"count";i:1;}i:10;a:4:{s:2:"id";s:54:"EVENT:core_collection_abstract_load_before->cache_save";s:3:"sum";d:0.00065803527832031;s:3:"avg";d:0.00065803527832031;s:5:"count";i:1;}i:11;a:4:{s:2:"id";s:41:"EVENT:core_collection_abstract_load_after";s:3:"sum";d:3.0994415283203E-5;s:3:"avg";d:3.0994415283203E-5;s:5:"count";i:1;}}